2
138 4251
311 88
338 94
935 77
528 79
631 46
35 47
832 32
159 3
169 86
659 41
561 71
290 69
708 71
742 40
266 89
915 57
989 45
836 74
384 88
539 98
419 4
622 49
538 21
872 28
621 61
373 26
334 67
846 59
605 64
245 22
40 13
538 73
545 45
484 38
491 41
646 28
338 67
992 53
99 79
167 49
842 46
786 65
531 65
253 32
613 24
149 74
653 32
950 29
502 88
948 9
734 50
791 21
966 10
930 65
680 32
509 80
484 74
387 57
344 88
214 88
212 16
769 25
274 90
627 2
727 70
37 21
849 8
764 35
677 57
686 43
725 59
644 29
737 34
268 90
933 38
954 61
681 6
879 57
731 54
942 7
474 91
930 97
298 30
958 40
981 4
893 76
208 77
173 61
523 48
516 93
646 72
95 34
749 41
531 78
205 19
621 13
636 62
964 81
666 66
999 44
383 85
925 89
495 19
419 90
896 27
62 25
41 1
426 75
827 59
237 87
775 17
213 79
423 76
139 58
810 36
949 85
482 8
559 78
795 19
852 56
10 62
893 93
146 37
108 62
208 22
985 8
440 13
665 21
655 14
485 73
68 83
106 54
324 20
776 95
460 63
958 64
739 67
877 16
26350
timeout:93
104 49198
282 65
60 66
513 38
598 37
875 42
362 42
355 14
663 71
131 50
175 52
358 61
940 59
153 17
569 26
353 34
764 25
514 92
382 48
434 7
554 45
507 18
448 78
424 54
114 50
305 93
617 18
712 63
926 66
717 46
522 34
816 34
31 54
661 11
906 42
759 18
286 6
948 71
30 18
177 16
180 60
71 7
957 42
726 59
540 88
12 71
767 96
552 21
642 17
159 90
128 31
637 68
747 12
653 56
234 99
611 74
497 55
294 91
286 75
388 60
814 7
579 3
423 5
421 31
515 74
83 85
37 27
51 86
971 38
324 84
770 17
367 54
281 26
229 22
684 63
930 88
782 55
103 5
735 61
275 70
705 34
55 49
922 75
721 23
516 42
941 90
440 54
837 64
712 4
751 17
822 21
633 87
811 19
86 48
176 99
140 36
116 61
146 43
131 87
622 52
541 99
704 26
697 3
457 24
714 45
291029
timeout:5302
