5
7
10
20001700
20001700,20001701,20001702,20001703,20001704,20001705,20001706
20001700,20001701
20001700,20001704
20001700,20001703
20001700,20001706
20001701,20001700
20001702,20001703
20001703,20001702
20001704,20001700
20001705,20001701
20001706,20001703
3,0,1
timeout:2
6
7
20001700
20001700,20001701,20001702,20001703,20001704,20001705
20001701,20001705
20001703,20001704
20001700,20001704
20001700,20001701
20001702,20001704
20001701,20001703
20001700,20001705
0,2,0
timeout:2
8
14
20001700
20001700,20001701,20001702,20001703,20001704,20001705,20001706,20001707
20001700,20001706
20001700,20001703
20001700,20001705
20001700,20001702
20001700,20001704
20001700,20001707
20001700,20001701
20001701,20001705
20001702,20001705
20001703,20001702
20001704,20001705
20001705,20001700
20001706,20001701
20001707,20001701
1,1,5
timeout:2
7
8
20001700
20001700,20001701,20001702,20001703,20001704,20001705,20001706
20001704,20001706
20001700,20001705
20001703,20001706
20001705,20001706
20001701,20001703
20001701,20001705
20001700,20001704
20001701,20001704
0,0,1
timeout:2
9
11
20001700
20001700,20001701,20001702,20001703,20001704,20001705,20001706,20001707,20001708
20001700,20001705
20001700,20001701
20001700,20001708
20001701,20001702
20001702,20001700
20001703,20001707
20001704,20001708
20001705,20001700
20001706,20001708
20001707,20001702
20001708,20001706
3,0,0
timeout:2
